3.1841 2868
2.9495 2825
2.90242 2864
2.87142 2854
2.84852 2854
2.79595 2900
2.75512 2826
2.71651 2871
2.66937 2848
2.63186 2858
2.59619 2856
2.58732 2843
2.56476 2853
2.54362 2872
2.51902 2875
2.50025 2865
2.47819 2849
2.45074 2866
2.43202 2846
2.4108 2816
2.39889 2851
2.3904 2882
2.37383 2857
2.35183 2872
2.33568 2868
2.31406 2845
2.29917 2861
2.25805 2856
2.23874 2868
2.22717 2851
2.21347 2868
2.22866 2867
2.21671 2714
2.17704 2723
2.15852 2702
2.13547 2702
2.14823 2706
2.12459 2674
2.09319 2723
2.07477 2678
2.06152 2658
2.05255 2661
2.035 2681
2.02257 2669
2.02906 2653
2.00868 2681
1.98989 2660
1.98547 2665
1.96495 2677
1.95672 2679
1.93633 2678
1.92042 2668
1.91117 2645
1.90013 2656
1.87434 2664
1.87091 2665
1.86019 2636
1.84379 2653
1.83244 2645
1.82282 2631
1.82628 2598
1.80499 2667
1.78821 2626
1.88097 2644
1.91044 2894
1.79385 2912
1.77248 2905
1.75741 2900
1.74721 2879
1.74301 2901
1.72897 2892
1.71615 2890
1.70561 2875
1.70427 2876
1.6948 2872
1.68209 2890
1.68469 2863
1.67431 2884
1.66856 2878
1.67325 2881
1.66273 2925
1.64457 2925
1.64225 2919
1.62893 2899
1.63207 2904
1.63212 2914
1.62401 2893
1.61192 2941
1.61405 2888
1.59693 2908
1.58836 2927
1.57898 2924
1.57307 2886
1.55992 2911
1.55637 2914
1.5588 2904
1.557 2838
1.54464 2846
1.52101 2847
1.51387 2840
1.50335 2832
1.50277 2825
1.49067 2842
1.4881 2836
1.4835 2789
1.47811 2815
1.46735 2805
1.46473 2804
1.45951 2792
1.46092 2798
1.45188 2772
1.45467 2809
1.44802 2781
1.43488 2796
1.42841 2816
1.42203 2780
1.40984 2779
1.40691 2795
1.3956 2772
1.3914 2787
1.387 2742
1.38259 2766
1.37589 2764
1.37283 2744
1.37005 2700
1.36855 2745
1.36478 2724
1.40493 2738
1.4529 2836
1.37931 2871
1.35612 2861
1.33941 2855
1.32887 2852
1.32478 2861
1.31065 2834
1.30053 2864
1.29678 2845
1.29309 2843
1.28856 2885
1.27972 2872
1.28228 2843
1.27887 2847
1.28057 2865
1.28393 2876
1.26913 2807
1.25995 2793
1.25631 2806
1.24897 2796
1.24122 2800
1.2357 2806
1.23256 2801
1.23165 2808
1.22495 2779
1.22088 2793
1.21663 2822
1.21318 2801
1.20992 2810
1.20837 2815
1.21693 2788
1.21557 2809
1.21215 2826
1.2021 2836
1.19394 2812
1.19053 2842
1.18852 2799
1.18824 2827
1.18189 2822
1.17755 2820
1.17302 2790
1.17291 2822
1.16659 2791
1.16719 2823
1.15955 2779
1.16007 2784
1.16268 2797
1.16673 2821
1.17341 2790
1.16077 2804
1.15735 2777
1.15056 2817
1.14666 2789
1.13776 2776
1.13971 2802
1.13911 2803
1.13828 2740
1.13466 2758
1.13673 2788
1.13294 2761
1.13035 2770
1.12299 2749
1.11982 2754
1.16366 2754
1.15698 2909
1.10936 2871
1.10556 2867
1.09767 2861
1.09239 2884
1.08646 2876
1.08181 2869
1.07691 2871
1.07351 2874
1.07275 2870
1.06801 2908
1.06961 2876
1.06213 2839
1.0639 2916
1.06114 2893
1.06667 2874
1.0644 2842
1.05673 2832
1.05465 2844
1.04714 2845
1.04232 2829
1.0387 2844
1.03952 2833
1.03704 2812
1.03261 2831
1.02722 2832
1.01976 2823
1.01904 2853
1.01692 2814
1.01151 2847
1.01562 2818
1.01634 2833
1.01916 2769
1.0126 2748
1.00385 2774
1.00269 2784
0.998283 2744
0.994372 2741
0.990825 2744
0.986816 2763
0.986485 2725
0.983884 2741
0.982202 2739
0.984155 2767
0.978742 2715
0.973615 2736
0.984581 2715
0.984581 2744
0.980027 2817
0.978186 2815
0.974811 2801
0.970384 2821
0.968861 2778
0.963614 2801
0.956425 2796
0.954636 2788
0.953325 2781
0.951783 2791
0.947239 2776
0.945305 2754
0.942081 2784
0.943663 2762
0.944216 2778
0.973331 2786
0.969387 2862
0.921795 2893
0.920743 2877
0.919337 2852
0.914846 2873
0.918307 2864
0.914696 2863
0.9156 2871
0.911976 2905
0.908794 2835
0.906717 2862
0.904781 2870
0.902283 2873
0.903832 2863
0.902853 2865
0.904274 2901
0.899718 2880
0.896604 2890
0.889616 2884
0.887674 2881
0.887028 2876
0.886399 2870
0.888131 2857
0.883283 2860
0.878657 2879
0.877393 2878
0.877362 2894
0.878534 2879
0.878272 2878
0.873393 2892
0.875795 2873
0.880034 2909
0.87858 2745
0.874661 2730
0.865876 2785
0.864753 2751
0.860882 2751
0.865876 2749
0.859343 2742
0.858531 2738
0.861727 2709
0.857295 2742
0.858885 2721
0.855739 2709
0.859269 2703
0.855447 2714
0.853781 2704
0.858959 2710
0.85615 2766
0.849343 2778
0.846496 2757
0.845366 2773
0.839461 2767
0.835506 2784
0.838364 2771
0.839067 2722
0.837563 2725
0.837044 2747
0.834446 2771
0.83446 2752
0.837409 2720
0.835394 2701
0.832445 2742
0.858472 2730
0.872402 2839
0.83257 2844
0.827061 2832
0.824906 2824
0.823154 2860
0.820223 2857
0.818733 2830
0.81722 2847
0.812889 2880
0.812216 2836
0.80952 2837
0.810544 2855
0.807715 2841
0.805386 2853
0.806764 2856
0.808839 2858
0.803846 2881
0.804052 2873
0.801488 2884
0.800448 2873
0.799054 2888
0.799079 2880
0.798875 2879
0.798543 2895
0.798378 2897
0.798352 2889
0.798187 2886
0.798174 2891
0.798072 2884
0.798276 2900
0.79797 2873
0.798148 2888
0.796914 2755
0.796521 2757
0.796851 2789
0.796648 2773
0.796445 2757
0.796749 2781
0.796419 2755
0.796343 2749
0.796331 2748
0.796191 2737
0.796457 2758
0.796495 2761
0.796077 2728
0.796521 2763
0.795938 2717
0.796521 2763
0.797257 2821
0.797245 2820
0.797385 2831
0.797041 2804
0.797181 2815
0.79713 2811
0.796902 2793
0.797168 2814
0.796559 2766
0.796673 2775
0.797067 2806
0.796432 2756
0.796369 2751
0.796965 2798
0.796838 2788
0.7968 2785
0.809612 2802
0.797703 2856
0.797257 2821
0.797143 2812
0.797156 2813
0.797321 2826
0.797283 2823
0.797346 2828
0.797283 2823
0.797614 2849
0.797346 2828
0.797029 2803
0.797219 2818
0.797308 2825
0.797245 2820
0.797029 2803
0.797168 2814
0.796965 2798
0.797168 2814
0.797054 2805
0.796864 2790
0.796699 2777
0.796864 2790
0.796902 2793
0.797003 2801
0.796927 2795
0.797003 2801
0.796775 2783
0.797308 2825
0.796952 2797
0.79741 2833
0.796991 2800
0.797525 2842
0.797461 2837
0.797296 2824
0.796737 2780
0.796978 2799
0.79755 2844
0.797194 2816
0.79741 2833
0.797029 2803
0.797334 2827
0.796889 2792
0.797219 2818
0.796724 2779
0.797041 2804
0.797168 2814
0.796813 2786
0.796331 2748
0.796559 2766
0.796622 2771
0.796635 2772
0.796204 2738
0.796445 2757
0.796216 2739
0.796394 2753
0.795938 2717
0.796331 2748
0.796128 2732
0.796128 2732
0.795988 2721
0.796343 2749
0.796166 2735
0.796229 2740
0.797499 2840
0.797257 2821
0.797219 2818
0.797296 2824
0.797385 2831
0.797614 2849
0.797461 2837
0.797804 2864
0.797703 2856
0.79727 2822
0.797512 2841
0.797537 2843
0.797283 2823
0.797334 2827
0.797181 2815
0.797703 2856
0.798238 2898
0.798378 2909
0.798722 2936
0.798697 2934
0.798403 2911
0.798276 2901
0.798403 2911
0.798722 2936
0.798187 2894
0.798276 2901
0.798352 2907
0.79839 2910
0.798136 2890
0.798518 2920
0.798174 2893
0.798288 2902
0.797105 2809
0.797092 2808
0.797486 2839
0.797194 2816
0.796902 2793
0.796991 2800
0.796991 2800
0.797118 2810
0.796851 2789
0.796673 2775
0.797016 2802
0.796673 2775
0.79666 2774
0.796546 2765
0.796559 2766
0.79661 2770
0.79741 2833
0.797499 2840
0.797232 2819
0.796927 2795
0.797029 2803
0.797003 2801
0.79694 2796
0.796902 2793
0.796902 2793
0.796686 2776
0.797016 2802
0.796851 2789
0.796445 2757
0.796533 2764
0.796343 2749
0.796749 2781
0.79839 2910
0.798008 2880
0.798161 2892
0.797868 2869
0.798034 2882
0.798327 2905
0.797792 2863
0.798429 2913
0.797932 2874
0.798097 2887
0.798008 2880
0.797944 2875
0.797677 2854
0.798085 2886
0.797919 2873
0.798148 2891
0.798072 2885
0.797779 2862
0.798123 2889
0.79783 2866
0.797779 2862
0.798263 2900
0.797957 2876
0.797855 2868
0.797601 2848
0.797817 2865
0.797766 2861
0.798008 2880
0.797525 2842
0.797715 2857
0.797894 2871
0.79755 2844
0.796991 2800
0.796876 2791
0.797219 2818
0.79694 2796
0.796851 2789
0.796749 2781
0.796864 2790
0.797016 2802
0.796635 2772
0.796546 2765
0.79666 2774
0.796876 2791
0.796546 2765
0.796064 2727
0.796128 2732
0.796838 2788
0.796508 2762
0.796457 2758
0.796622 2771
0.796724 2779
0.796407 2754
0.796267 2743
0.796267 2743
0.796508 2762
0.796115 2731
0.79614 2733
0.796001 2722
0.795925 2716
0.795824 2708
0.795773 2704
0.795925 2716
0.79628 2744
0.798697 2934
0.798888 2949
0.798773 2940
0.798709 2935
0.798569 2924
0.798531 2921
0.798505 2919
0.798416 2912
0.799028 2960
0.798671 2932
0.798645 2930
0.798288 2902
0.79848 2917
0.798697 2934
0.798645 2930
0.798773 2940
0.798097 2887
0.797601 2848
0.797932 2874
0.797817 2865
0.797868 2869
0.797741 2859
0.797779 2862
0.79783 2866
0.797537 2843
0.797728 2858
0.797868 2869
0.79769 2855
0.797525 2842
0.797957 2876
0.797626 2850
0.797906 2872
0.797207 2817
0.797614 2849
0.797486 2839
0.797601 2848
0.797054 2805
0.79727 2822
0.797219 2818
0.79727 2822
0.796952 2797
0.797181 2815
0.797296 2824
0.796825 2787
0.796572 2767
0.796686 2776
0.796889 2792
0.796787 2784
0.796838 2788
0.797016 2802
0.796813 2786
0.797156 2813
0.796559 2766
0.796927 2795
0.796648 2773
0.796965 2798
0.796305 2746
0.796483 2760
0.79661 2770
0.796546 2765
0.796166 2735
0.796381 2752
0.796077 2728
0.796343 2749
0.797804 2864
0.79783 2866
0.797728 2858
0.797499 2840
0.797677 2854
0.797715 2857
0.797792 2863
0.797817 2865
0.797817 2865
0.79741 2833
0.798021 2881
0.797728 2858
0.79797 2877
0.797766 2861
0.797944 2875
0.797741 2859
0.797512 2841
0.797118 2810
0.796991 2800
0.79741 2833
0.797385 2831
0.797359 2829
0.797168 2814
0.797245 2820
0.797512 2841
0.797321 2826
0.797486 2839
0.797474 2838
0.797499 2840
0.797359 2829
0.797601 2848
0.797257 2821
0.797754 2860
0.797474 2838
0.797245 2820
0.797626 2850
0.797219 2818
0.79769 2855
0.797232 2819
0.797207 2817
0.797105 2809
0.797219 2818
0.797143 2812
0.797219 2818
0.79713 2811
0.797257 2821
0.796864 2790
0.796876 2791
0.797817 2865
0.797601 2848
0.797486 2839
0.797817 2865
0.797537 2843
0.797588 2847
0.797296 2824
0.797766 2861
0.797232 2819
0.797512 2841
0.797105 2809
0.797219 2818
0.797067 2806
0.797321 2826
0.79713 2811
0.797041 2804
0.798085 2886
0.798263 2900
0.798569 2924
0.797944 2875
0.798429 2913
0.798072 2885
0.79825 2899
0.798301 2903
0.798225 2897
0.798199 2895
0.798339 2906
0.798238 2898
0.797995 2879
0.798199 2895
0.798174 2893
0.798263 2900
0.797385 2831
0.797588 2847
0.797664 2853
0.797423 2834
0.797423 2834
0.797525 2842
0.797601 2848
0.797334 2827
0.797397 2832
0.797486 2839
0.797372 2830
0.797779 2862
0.797385 2831
0.797461 2837
0.797283 2823
0.797486 2839
0.797334 2827
0.797346 2828
0.796978 2799
0.797499 2840
0.796876 2791
0.796991 2800
0.797232 2819
0.796622 2771
0.796825 2787
0.797168 2814
0.796952 2797
0.796838 2788
0.796521 2763
0.796699 2777
0.796572 2767
0.797016 2802
0.796457 2758
0.796762 2782
0.796622 2771
0.796254 2742
0.796356 2750
0.79628 2744
0.796292 2745
0.796432 2756
0.795735 2701
0.795786 2705
0.795874 2712
0.796457 2758
0.795672 2696
0.796014 2723
0.796128 2732
0.808042 2720
0.798034 2879
0.79862 2928
0.798034 2882
0.798429 2913
0.798365 2908
0.798238 2898
0.798684 2933
0.797995 2879
0.798378 2909
0.798365 2908
0.79862 2928
0.798441 2914
0.798072 2885
0.798212 2896
0.798288 2902
0.798046 2881
0.796813 2785
0.796699 2777
0.7968 2785
0.79666 2774
0.796749 2777
0.796889 2790
0.796914 2765
0.796876 2777
0.797346 2773
0.797995 2797
0.799284 2758
0.802002 2801
0.803988 2771
0.80705 2758
0.806556 2803
0.810465 2772
0.814452 2836
0.814598 2855
0.814279 2848
0.813842 2839
0.817034 2813
0.81706 2830
0.821261 2783
0.821328 2823
0.821531 2787
0.822517 2804
0.823574 2786
0.823262 2798
0.823954 2794
0.826173 2793
0.828116 2820
0.835213 2784
0.833889 2731
0.840266 2735
0.845166 2729
0.842389 2748
0.840548 2708
0.840266 2729
0.846081 2699
0.843042 2719
0.844324 2708
0.850933 2704
0.85176 2688
0.853577 2706
0.855344 2689
0.855974 2697
0.857133 2683
0.917583 2725
0.893112 2858
0.863722 2852
0.867227 2831
0.867077 2864
0.869716 2890
0.86949 2866
0.870049 2858
0.873988 2879
0.878796 2828
0.875595 2880
0.875473 2877
0.877331 2862
0.881399 2874
0.881244 2844
0.887579 2884
0.892714 2849
0.891488 2833
0.891059 2829
0.893719 2854
0.895913 2831
0.895287 2842
0.894935 2850
0.902755 2848
0.903685 2859
0.906388 2839
0.905272 2842
0.905896 2843
0.906405 2833
0.908298 2860
0.917179 2824
0.923805 2837
0.924659 2839
0.927317 2774
0.927351 2780
0.921404 2810
0.927042 2790
0.930458 2798
0.932627 2784
0.938897 2767
0.936522 2816
0.938456 2750
0.937453 2761
0.937365 2776
0.941088 2773
0.937875 2728
0.945055 2750
0.948731 2786
0.9567 2742
0.963391 2817
0.962482 2832
0.959619 2817
0.961742 2820
0.965698 2784
0.970026 2786
0.971968 2813
0.976029 2797
0.978703 2781
0.98742 2799
0.984465 2769
0.987323 2756
0.995996 2776
0.998343 2772
0.99964 2764
1.03706 2792
1.02279 2916
0.985629 2872
0.98744 2878
0.993068 2883
0.991041 2876
0.994946 2885
0.990413 2897
0.99996 2888
1.00255 2860
1.01145 2885
1.00347 2889
1.00291 2863
1.00339 2882
1.00892 2880
1.01985 2859
1.02306 2852
1.01877 2768
1.02665 2786
1.02484 2805
1.02407 2785
1.02881 2789
1.03114 2795
1.03089 2783
1.03481 2781
1.03711 2774
1.03978 2806
1.03983 2778
1.04522 2812
1.04563 2764
1.04809 2766
1.0549 2793
1.06117 2800
1.06535 2772
1.06721 2767
1.07225 2796
1.07775 2785
1.07745 2748
1.07847 2758
1.07873 2766
1.08726 2766
1.09541 2751
1.09306 2774
1.09895 2727
1.10536 2771
1.10943 2729
1.11185 2720
1.11498 2757
1.11764 2748
1.12727 2784
1.13232 2796
1.13618 2798
1.13528 2784
1.13415 2784
1.13348 2786
1.13253 2777
1.1416 2778
1.14708 2765
1.15056 2785
1.15473 2745
1.15746 2754
1.1629 2746
1.16986 2731
1.17434 2757
1.22974 2757
1.19258 2839
1.16528 2845
1.16861 2825
1.17319 2862
1.17594 2839
1.17561 2872
1.17961 2841
1.18223 2824
1.18649 2854
1.19389 2838
1.1958 2841
1.19187 2834
1.19244 2825
1.19959 2855
1.2091 2840
1.22032 2846
1.22094 2804
1.21524 2824
1.22121 2831
1.22736 2816
1.22914 2805
1.23311 2821
1.23475 2812
1.2349 2808
1.23818 2781
1.24663 2805
1.25047 2799
1.25313 2790
1.25732 2813
1.25954 2783
1.26429 2777
1.27055 2809
1.27473 2807
1.2774 2840
1.28061 2840
1.2835 2850
1.28541 2792
1.28199 2814
1.28717 2807
1.28442 2841
1.29182 2777
1.30113 2794
1.31065 2826
1.30863 2768
1.30952 2797
1.31565 2782
1.33135 2773
1.34383 2789
1.34243 2802
1.35457 2802
1.35066 2799
1.35556 2812
1.36979 2789
1.37204 2788
1.37946 2780
1.38122 2775
1.39156 2758
1.40197 2742
1.40726 2753
1.40347 2763
1.42078 2732
1.43394 2740
1.44167 2747
1.49227 2724
1.49831 2834
1.45062 2813
1.45675 2829
1.46049 2803
1.4661 2855
1.47228 2833
1.47828 2858
1.48157 2846
1.49508 2836
1.4949 2852
1.50002 2857
1.50476 2855
1.51543 2835
1.52022 2841
1.5353 2829
1.5477 2827
1.56191 2855
1.5648 2862
1.56622 2849
1.56705 2880
1.58243 2872
1.58143 2861
1.59251 2861
1.59887 2863
1.60236 2876
1.61332 2871
1.63079 2871
1.6284 2862
1.63688 2866
1.63891 2869
1.65251 2862
1.75549 2860
1.92419 2779
2.01515 2779
2.06603 2751
2.11291 2762
2.15694 2765
2.20332 2741
2.21671 2766
2.21621 2747
2.21897 2738
2.2244 2751
2.23564 2748
2.25256 2748
2.26603 2732
2.27128 2740
2.27139 2739
2.28822 2734
2.3131 2724
2.30968 2776
2.31642 2738
2.32277 2739
2.32558 2728
2.33089 2728
2.331 2735
2.35427 2737
2.36284 2720
2.37102 2725
2.39452 2722
2.41406 2723
2.42225 2713
2.44284 2709
2.47268 2714
2.71636 2716
4.24268 2800
4.04793 2820
3.9398 2833
3.87087 2820
3.81476 2846
3.79795 2812
3.74784 2815
3.72606 2817
3.66354 2801
3.63557 2825
3.61402 2814
3.59635 2808
3.56583 2781
3.5699 2805
3.51074 2796
3.38112 2785
3.53857 2805
3.4727 2820
3.46212 2761
3.44116 2827
3.4421 2775
3.39766 2818
3.38089 2798
3.35683 2815
3.32116 2779
3.30033 2790
3.25818 2790
3.24023 2802
3.2514 2796
3.24907 2789
3.20451 2774
2.8701 2783
3.24107 2794
3.16837 2772
3.14248 2777
3.11837 2743
3.08204 2747
3.08147 2765
3.08947 2754
3.06373 2723
3.05399 2742
3.05437 2735
3.04358 2740
3.00048 2740
2.97903 2700
2.95963 2717
2.95351 2724
2.76794 2728
2.98418 2708
2.92278 2718
2.91223 2709
2.89838 2735
2.88417 2694
2.888 2723
2.86599 2703
2.8591 2696
2.84852 2693
2.83511 2703
2.81532 2694
2.79814 2679
2.76121 2659
2.67537 2673
2.41873 2669
2.20323 2681
2.70226 2806
2.66894 2787
2.64019 2797
2.63616 2803
2.62936 2793
2.61042 2790
2.59821 2812
2.60268 2781
2.57559 2790
2.57453 2785
2.57043 2814
2.54868 2783
2.54272 2726
2.54194 2782
2.53678 2766
2.39912 2765
2.52602 2792
2.46938 2793
2.45495 2796
2.45773 2775
2.44762 2797
2.43392 2762
2.42107 2786
2.41651 2781
2.40223 2757
2.39935 2770
2.38129 2748
2.37124 2764
2.37676 2744
2.38277 2774
2.3566 2765
2.16713 2731
2.40408 2770
2.33874 2759
2.32937 2773
2.31599 2765
2.29706 2749
2.30372 2773
2.29358 2751
2.28238 2756
2.27739 2735
2.2555 2735
2.24517 2739
2.23085 2741
2.22648 2735
2.21857 2694
2.1857 2728
2.03368 2723
2.23584 2815
2.18436 2774
2.16525 2789
2.17061 2774
2.16319 2768
2.15397 2755
2.15415 2774
2.16011 2754
2.15128 2735
2.11981 2744
2.1332 2748
2.11443 2759
2.11166 2756
2.08316 2724
1.77167 2751
1.7034 2738
2.04541 2837
2.02421 2813
2.00562 2808
1.99338 2844
1.99211 2812
1.98918 2833
1.99872 2806
1.9887 2813
1.98342 2784
1.9802 2823
1.97652 2805
1.97519 2800
1.98106 2795
1.97037 2806
1.96471 2774
1.9138 2795
2.00176 2842
1.95114 2843
1.93349 2833
1.91153 2824
1.91285 2836
1.89984 2833
1.88807 2837
1.89014 2835
1.88772 2800
1.88246 2848
1.86734 2836
1.85881 2846
1.85364 2803
1.84768 2810
1.82103 2810
1.70451 2829
1.86296 2777
1.81146 2764
1.79045 2782
1.79295 2770
1.79643 2749
1.7831 2747
1.78164 2770
1.77569 2773
1.76678 2762
1.76622 2758
1.76423 2730
1.74672 2764
1.74551 2696
1.73581 2728
1.72473 2751
1.62517 2728
1.78215 2726
1.73479 2770
1.72551 2755
1.72111 2738
1.71786 2728
1.71468 2750
1.71016 2729
1.70445 2737
1.7008 2715
1.68959 2717
1.6901 2711
1.67673 2706
1.67129 2688
1.6655 2724
1.60164 2701
1.47067 2689
1.6843 2823
1.67062 2849
1.66234 2822
1.66069 2838
1.64652 2853
1.63345 2835
1.62967 2848
1.62665 2828
1.61812 2849
1.60974 2815
1.61171 2838
1.60185 2800
1.59908 2828
1.59551 2807
1.58318 2839
1.49768 2816
1.61551 2800
1.59342 2830
1.56696 2794
1.56123 2804
1.55159 2798
1.55241 2818
1.55082 2805
1.54775 2832
1.54173 2796
1.53685 2813
1.53224 2805
1.53666 2807
1.52138 2799
1.52022 2784
1.51694 2796
1.45539 2799
1.54083 2697
1.51355 2726
1.50711 2715
1.50611 2699
1.49853 2669
1.49939 2699
1.49894 2684
1.49754 2698
1.50281 2665
1.50739 2659
1.50349 2692
1.49196 2676
1.47606 2655
1.45917 2667
1.46083 2655
1.44296 2669
1.47545 2694
1.44789 2691
1.43972 2696
1.44957 2663
1.44042 2635
1.44105 2678
1.43819 2641
1.45037 2667
1.44109 2660
1.43262 2638
1.43029 2663
1.40493 2661
1.40099 2635
1.4004 2647
1.3354 2607
1.223 2645
1.445 2833
1.42527 2788
1.4178 2798
1.41088 2845
1.40315 2802
1.40072 2811
1.39751 2810
1.3956 2807
1.39536 2806
1.38662 2801
1.38773 2789
1.38493 2835
1.38328 2768
1.3754 2799
1.36571 2783
1.30398 2770
1.38635 2828
1.35888 2815
1.35818 2837
1.35674 2806
1.34884 2796
1.34967 2815
1.34571 2806
1.34271 2793
1.34156 2804
1.34401 2804
1.3393 2799
1.32823 2789
1.32566 2789
1.3217 2799
1.32622 2769
1.26704 2783
1.32777 2760
1.31086 2789
1.30331 2766
1.29279 2772
1.29487 2757
1.30005 2762
1.29965 2760
1.29076 2750
1.29874 2712
1.29571 2728
1.30252 2731
1.29169 2742
1.27959 2702
1.27256 2721
1.27346 2703
1.21383 2723
1.30429 2702
1.28195 2697
1.28353 2711
1.27835 2719
1.27662 2668
1.26875 2717
1.27256 2699
1.27107 2686
1.27538 2684
1.26949 2669
1.2723 2687
1.26833 2683
1.26314 2662
1.26081 2660
1.25141 2646
1.13497 2674
1.29712 2795
1.27672 2796
1.26842 2793
1.2625 2796
1.25285 2759
1.25016 2816
1.25103 2779
1.24688 2754
1.24688 2779
1.24459 2782
1.24425 2779
1.23937 2789
1.23162 2750
1.23207 2775
1.22142 2789
1.20456 2780
1.23655 2795
1.21289 2794
1.20201 2797
1.18875 2788
1.18754 2749
1.18638 2822
1.19002 2790
1.18621 2780
1.18349 2765
1.1838 2793
1.18486 2762
1.18061 2745
1.18304 2790
1.18562 2768
1.17838 2799
1.15133 2744
1.21133 2716
1.1815 2735
1.18556 2725
1.18083 2755
1.17797 2721
1.17844 2710
1.17506 2711
1.17736 2712
1.17697 2699
1.17445 2695
1.16803 2704
1.17003 2691
1.17162 2676
1.1676 2699
1.16363 2645
1.13404 2689
1.22654 2699
1.16803 2713
1.16104 2668
1.16017 2702
1.16004 2691
1.16195 2646
1.1576 2680
1.16182 2696
1.15768 2632
1.16507 2679
1.15977 2670
1.14278 2664
1.145 2619
1.14267 2634
1.13986 2669
0.985882 2672
1.11072 2749
1.145 2736
1.1049 2751
1.10725 2747
1.10786 2720
1.1083 2740
1.10867 2727
1.10948 2718
1.11371 2710
1.11161 2729
1.11237 2691
1.10688 2728
1.10936 2703
1.10904 2715
1.11694 2697
1.11879 2692
1.14108 2785
1.11354 2815
1.10971 2825
1.10627 2808
1.09948 2808
1.09594 2787
1.08956 2788
1.08717 2818
1.08408 2738
1.07891 2795
1.0714 2769
1.07101 2806
1.07404 2768
1.08045 2760
1.08693 2775
1.09282 2787
1.09984 2731
1.06844 2686
1.06589 2725
1.06831 2736
1.06528 2716
1.06842 2688
1.06669 2718
1.0717 2714
1.06986 2701
1.06295 2692
1.06476 2702
1.062 2682
1.06499 2664
1.0651 2702
1.06223 2679
1.06701 2675
1.08895 2679
1.05699 2729
1.05336 2666
1.0576 2722
1.05773 2644
1.05695 2700
1.05847 2676
1.06083 2678
1.05997 2660
1.07453 2652
1.06587 2662
1.06453 2656
1.05955 2619
1.05937 2652
1.05597 2648
0.948677 2651
1.07689 2801
1.07149 2827
1.06824 2811
1.06633 2832
1.06198 2795
1.06078 2825
1.06103 2823
1.0636 2843
1.06238 2807
1.06056 2802
1.05867 2813
1.05673 2812
1.05668 2801
1.0602 2807
1.05964 2781
1.08594 2820
1.07731 2767
1.05439 2768
1.04568 2782
1.04703 2781
1.03939 2780
1.04484 2771
1.0489 2765
1.04417 2737
1.04417 2740
1.04288 2763
1.04206 2770
1.03974 2759
1.04256 2740
1.0436 2755
1.04712 2755
1.06117 2745
1.07543 2748
1.05009 2748
1.04963 2737
1.04716 2751
1.04528 2735
1.0436 2742
1.05161 2730
1.04809 2715
1.05179 2728
1.05051 2701
1.05606 2721
1.05834 2704
1.04732 2702
1.04524 2717
1.04727 2722
1.05501 2700
1.07708 2635
1.04976 2649
1.05115 2617
1.05175 2633
1.05203 2641
1.05606 2592
1.0589 2600
1.0651 2646
1.06642 2591
1.06517 2590
1.06474 2611
1.06209 2620
1.0613 2571
1.05579 2592
1.05697 2606
1.04489 2605
1.07328 2817
1.06744 2804
1.06286 2831
1.06883 2824
1.06478 2795
1.06492 2778
1.06419 2794
1.06051 2785
1.05628 2788
1.0589 2796
1.06112 2795
1.05973 2777
1.06279 2778
1.06658 2767
1.07742 2782
1.1334 2751
1.08613 2725
1.07064 2719
1.06883 2752
1.06872 2735
1.0706 2685
1.07273 2700
1.07372 2721
1.07296 2708
1.07351 2701
1.07749 2694
1.08183 2693
1.07434 2696
1.07289 2707
1.07023 2674
1.07315 2697
1.09287 2698
1.106 2660
1.09337 2662
1.0938 2658
1.09924 2662
1.09467 2629
1.09436 2644
1.09302 2666
1.09016 2633
1.09275 2633
1.09311 2636
1.09515 2636
1.09685 2622
1.09575 2628
1.09873 2629
1.09522 2609
1.11 2628
1.12045 2718
1.10324 2713
1.09907 2748
1.09931 2738
1.09856 2719
1.09536 2694
1.09656 2710
1.09211 2697
1.09702 2690
1.09445 2682
1.09292 2671
1.09818 2683
1.09077 2658
1.09412 2683
1.09323 2672
1.08838 2651
1.04358 2864
1.08816 2860
1.07092 2832
1.0666 2859
1.05991 2840
1.06279 2849
1.06335 2861
1.05843 2833
1.05858 2838
1.05675 2834
1.058 2844
1.05347 2804
1.05675 2827
1.05452 2821
1.06004 2821
1.07866 2830
1.09037 2872
1.07266 2880
1.06838 2869
1.06419 2869
1.06519 2865
1.06385 2871
1.06378 2892
1.06105 2849
1.06216 2858
1.05917 2841
1.05809 2863
1.06699 2842
1.05223 2831
1.04756 2854
1.0446 2820
1.05664 2862
1.07386 2739
1.05376 2754
1.04967 2742
1.05239 2749
1.04603 2723
1.04813 2726
1.04752 2725
1.0462 2728
1.04616 2687
1.04539 2717
1.04686 2694
1.04701 2698
1.04657 2694
1.05016 2669
1.046 2714
1.05961 2722
1.07073 2737
1.04182 2748
1.04015 2740
1.04247 2741
1.03985 2726
1.04123 2734
1.04533 2728
1.04332 2724
1.04557 2724
1.04894 2724
1.04071 2726
1.04675 2719
1.03894 2697
1.04578 2709
1.04223 2684
1.05769 2698
0.941868 2837
1.06234 2818
1.06474 2821
1.0676 2822
1.06415 2851
1.06539 2825
1.06283 2818
1.06054 2813
1.06471 2825
1.06056 2834
1.05791 2811
1.05321 2785
1.05559 2811
1.05519 2815
1.05394 2778
1.10142 2827
1.08731 2779
1.07011 2754
1.06446 2772
1.06526 2766
1.06243 2756
1.06211 2761
1.06006 2752
1.05979 2764
1.06281 2741
1.06286 2767
1.05881 2766
1.06173 2760
1.0565 2740
1.05804 2746
1.06762 2758
1.10558 2753
1.06283 2770
1.04465 2764
1.04677 2782
1.04897 2778
1.04831 2757
1.05217 2758
1.05421 2717
1.05697 2786
1.06753 2738
1.05223 2737
1.05259 2715
1.0519 2749
1.04861 2729
1.05675 2700
1.05834 2732
1.06283 2691
1.04756 2666
1.05773 2654
1.05878 2674
1.05804 2656
1.05903 2654
1.05986 2641
1.06406 2641
1.06644 2659
1.0658 2613
1.07009 2635
1.072 2630
1.06358 2630
1.07209 2630
1.07138 2616
1.06824 2600
1.08639 2608
1.01469 2850
1.04247 2853
1.05066 2834
1.06049 2849
1.03963 2822
1.0379 2827
1.03366 2833
1.03453 2861
1.03176 2828
1.0321 2810
1.03027 2824
1.02598 2825
1.02779 2781
1.03447 2807
1.05798 2813
1.095 2778
1.01585 2779
1.03417 2780
1.03554 2785
1.03846 2771
1.03299 2769
1.03415 2800
1.03795 2760
1.03922 2789
1.04076 2714
1.04474 2759
1.04295 2760
1.05155 2771
1.04938 2713
1.05865 2737
1.05626 2745
1.07728 2749
1.04102 2769
1.0571 2732
1.06676 2754
1.06126 2761
1.06689 2729
1.06762 2739
1.07481 2721
1.0706 2734
1.07592 2721
1.0695 2737
1.07301 2722
1.07938 2714
1.0767 2710
1.08108 2703
1.08052 2731
1.09424 2702
1.06749 2753
1.09676 2772
1.10125 2780
1.10241 2746
1.10624 2746
1.10902 2742
1.11292 2734
1.1165 2736
1.11309 2705
1.12128 2720
1.12915 2713
1.12519 2727
1.13084 2697
1.1416 2685
1.14312 2708
1.15154 2702
1.05539 2836
1.15221 2768
1.16523 2814
1.16423 2803
1.16732 2820
1.17 2791
1.17126 2799
1.17165 2814
1.1731 2773
1.17354 2798
1.18262 2803
1.19011 2790
1.19689 2768
1.18374 2780
1.18562 2759
1.23308 2760
1.1433 2835
1.18807 2833
1.20086 2819
1.19531 2823
1.19514 2802
1.19457 2811
1.19844 2821
1.19732 2848
1.19389 2802
1.19835 2812
1.19363 2809
1.20175 2793
1.19683 2802
1.20343 2803
1.2025 2799
1.23138 2784
1.14771 2711
1.20706 2707
1.20919 2734
1.21859 2715
1.21818 2688
1.22504 2677
1.22528 2718
1.22871 2684
1.23551 2678
1.23454 2677
1.24125 2670
1.23977 2657
1.24076 2674
1.24928 2675
1.24878 2643
1.2591 2660
1.22874 2677
1.25483 2666
1.26493 2711
1.27392 2666
1.27545 2653
1.28972 2663
1.29042 2660
1.29262 2696
1.29847 2634
1.29172 2675
1.30484 2672
1.29988 2633
1.3123 2657
1.31213 2639
1.31378 2654
1.32689 2630
1.20534 2798
1.22495 2824
1.30637 2793
1.30774 2784
1.3133 2783
1.31358 2791
1.32219 2782
1.32107 2776
1.32577 2782
1.32556 2791
1.3306 2781
1.34174 2778
1.3438 2754
1.35318 2788
1.364 2785
1.43197 2781
1.26955 2733
1.34456 2756
1.34499 2750
1.35223 2756
1.34971 2749
1.36051 2744
1.37253 2758
1.37973 2737
1.37806 2750
1.38072 2760
1.38916 2740
1.3921 2749
1.39361 2699
1.39552 2733
1.39821 2741
1.42767 2729
1.33469 2720
1.40308 2740
1.41095 2737
1.41675 2742
1.42215 2693
1.43707 2693
1.4381 2724
1.44388 2731
1.45197 2684
1.46229 2722
1.46649 2729
1.46718 2690
1.46649 2704
1.4718 2698
1.47824 2687
1.4896 2708
1.44263 2660
1.4928 2691
1.50155 2684
1.50621 2705
1.51428 2641
1.51722 2677
1.52165 2679
1.51925 2673
1.53219 2662
1.53431 2626
1.53506 2660
1.53875 2640
1.53591 2664
1.5361 2622
1.54804 2641
1.56495 2625
1.39618 2766
1.46259 2771
1.53276 2774
1.52985 2790
1.52929 2778
1.53586 2787
1.53247 2755
1.52989 2754
1.53013 2732
1.5336 2781
1.54345 2730
1.54981 2769
1.55386 2731
1.57015 2750
1.58258 2742
1.59862 2766
1.51062 2764
1.56578 2764
1.59673 2752
1.57421 2767
1.56504 2755
1.57749 2756
1.57729 2770
1.57709 2748
1.57953 2755
1.58153 2754
1.58725 2736
1.59515 2743
1.59165 2747
1.59908 2732
1.6038 2744
1.63196 2756
1.52551 2688
1.6257 2715
1.63351 2684
1.63271 2726
1.64761 2682
1.64631 2697
1.64015 2673
1.65492 2704
1.65837 2648
1.6714 2672
1.67392 2641
1.67875 2695
1.666 2629
1.66118 2634
1.66678 2679
1.67898 2639
1.62617 2681
1.66995 2697
1.68254 2701
1.68441 2672
1.70265 2661
1.70503 2674
1.70091 2693
1.74083 2667
1.7052 2646
1.71309 2665
1.72968 2635
1.71051 2643
1.71098 2624
1.72789 2644
1.73052 2648
1.76504 2642
1.63495 2773
1.69314 2786
1.81521 2773
1.82782 2775
1.82916 2745
1.82802 2814
1.8317 2749
1.83365 2775
1.83952 2781
1.8459 2779
1.84843 2770
1.84829 2762
1.84027 2757
1.8546 2752
1.83284 2757
1.86616 2762
1.75223 2759
1.82889 2744
1.84305 2776
1.84761 2770
1.85522 2746
1.85062 2760
1.86053 2774
1.8663 2727
1.86902 2752
1.8773 2730
1.89509 2752
1.90078 2727
1.91241 2756
1.92315 2764
1.93237 2719
1.9824 2746
1.7566 2731
1.93125 2737
1.94454 2737
1.95 2732
1.9692 2751
1.98255 2691
1.98942 2736
1.99744 2716
2.00385 2710
2.03145 2706
2.02462 2714
2.04499 2733
2.05398 2689
2.04792 2721
2.06364 2686
2.08978 2718
1.97566 2742
2.07736 2727
2.08238 2758
2.08751 2744
2.10695 2716
2.10562 2729
2.12251 2726
2.12721 2718
2.14041 2695
2.13575 2730
2.15165 2716
2.14041 2693
2.15899 2700
2.16413 2696
2.17193 2690
2.22262 2687
2.00586 2776
2.17391 2785
2.20848 2809
2.23764 2812
2.24881 2778
2.25449 2812
2.25337 2803
2.26337 2813
2.29127 2781
2.30118 2783
2.3175 2779
2.32623 2808
2.33361 2794
2.3371 2770
2.33296 2756
2.41581 2795
2.21337 2774
2.36496 2785
2.38607 2810
2.37948 2808
2.39567 2780
2.40408 2799
2.40142 2770
2.41336 2798
2.42401 2763
2.43855 2800
2.45038 2749
2.4593 2801
2.46633 2772
2.4809 2792
2.47304 2755
2.54 2799
2.33951 2678
2.58198 2665
2.73808 2683
2.84511 2652
2.92946 2625
2.99347 2654
3.0434 2650
3.08871 2656
3.11429 2615
3.13342 2641
3.15457 2627
3.15836 2656
3.17723 2633
3.1902 2618
3.19816 2615
3.23227 2641
3.04748 2718
3.16156 2725
3.18898 2742
3.20431 2763
3.21234 2727
3.20986 2716
3.25627 2726
3.26883 2731
3.27075 2717
3.27912 2716
3.31367 2700
3.3269 2722
3.36225 2686
3.37975 2684
3.4002 2701
3.46933 2679
